! LittlePhattyTuner scales
00 Equal Temp	0
12
!
  100.000
  200.000
  300.000
  400.000
  500.000
  600.000
  700.000
  800.000
  900.000
 1000.000
 1100.000
 1200.000
!

01 5-Limit Just	0
12
!
  111.719
  203.711
  315.625
  386.133
  497.852
  589.844
  701.758
  813.672
  884.180
  995.703
 1088.086
 1200.000
!

02 Kepler	0
12
!
   91.992
  203.906
  315.625
  386.133
  497.852
  590.039
  701.953
  813.672
  905.859
 1017.578
 1088.086
 1200.000
!

03 Pythagorean	0
12
!
   90.225
  203.910
  294.135
  407.820
  498.045
  611.730
  701.955
  792.180
  905.865
  996.090
 1109.775
 1200.000
!

04 Meantone	0
12
!
   76.054
  193.151
  310.251
  386.301
  503.402
  579.452
  696.580
  772.634
  889.731
 1006.831
 1082.881
 1200.000
!

05 Chinese	0
12
!
  113.685
  203.910
  317.595
  407.820
  521.505
  611.730
  701.955
  815.640
  905.865
 1019.550
 1109.775
 1200.000
!

06 Turkish Rast	0
12
!
   88.889
  200.000
  288.889
  377.778
  488.889
  622.222
  688.889
  777.778
  888.889
 1000.000
 1066.667
 1200.000
!

07 Tamil Vilar	0
12
!
   90.225
  182.404
  294.135
  386.314
  498.045
  590.224
  680.449
  792.180
  884.359
  996.090
 1088.269
 1200.000
!

08 Siamese Clem	0
12
!
   49.800
  172.000
  215.000
  344.000
  515.000
  564.800
  685.800
  735.800
  857.800
  914.800
 1028.800
 1200.000
!

09 Mqm Husseini	0
12
!
  100.000
  150.000
  300.000
  400.000
  500.000
  600.000
  700.000
  800.000
  850.000
 1000.000
 1100.000
 1200.000
!

10 New	0
12
!
  100.180
  199.990
  300.000
  400.000
  500.000
  600.000
  700.000
  800.000
  900.000
 1000.000
 1100.000
 1200.000
!

11 New	0
12
!
  100.180
  199.990
  300.000
  400.000
  500.000
  600.000
  700.000
  800.000
  900.000
 1000.000
 1100.000
 1200.000
!

12 5-Limit Just	5
12
!
  111.719
  203.711
  315.625
  386.133
  497.852
  589.844
  701.758
  813.672
  884.180
  995.703
 1088.086
 1200.000
!

13 Default	0
12
!
  100.0
  200.0
  300.0
  400.0
  500.0
  600.0
  700.0
  800.0
  900.0
 1000.0
 1100.0
 1200.0
!

14 Default	0
12
!
  100.0
  200.0
  300.0
  400.0
  500.0
  600.0
  700.0
  800.0
  900.0
 1000.0
 1100.0
 1200.0
!

15 Default	0
12
!
  100.0
  200.0
  300.0
  400.0
  500.0
  600.0
  700.0
  800.0
  900.0
 1000.0
 1100.0
 1200.0
!

16 Default	0
12
!
  100.0
  200.0
  300.0
  400.0
  500.0
  600.0
  700.0
  800.0
  900.0
 1000.0
 1100.0
 1200.0
!

17 Default	0
12
!
  100.0
  200.0
  300.0
  400.0
  500.0
  600.0
  700.0
  800.0
  900.0
 1000.0
 1100.0
 1200.0
!

18 Default	0
12
!
  100.0
  200.0
  300.0
  400.0
  500.0
  600.0
  700.0
  800.0
  900.0
 1000.0
 1100.0
 1200.0
!

19 Default	0
12
!
  100.0
  200.0
  300.0
  400.0
  500.0
  600.0
  700.0
  800.0
  900.0
 1000.0
 1100.0
 1200.0
!

20 Default	0
12
!
  100.0
  200.0
  300.0
  400.0
  500.0
  600.0
  700.0
  800.0
  900.0
 1000.0
 1100.0
 1200.0
!

21 Default	0
12
!
  100.0
  200.0
  300.0
  400.0
  500.0
  600.0
  700.0
  800.0
  900.0
 1000.0
 1100.0
 1200.0
!

22 Default	0
12
!
  100.0
  200.0
  300.0
  400.0
  500.0
  600.0
  700.0
  800.0
  900.0
 1000.0
 1100.0
 1200.0
!

23 Default	0
12
!
  100.0
  200.0
  300.0
  400.0
  500.0
  600.0
  700.0
  800.0
  900.0
 1000.0
 1100.0
 1200.0
!

24 Default	0
12
!
  100.0
  200.0
  300.0
  400.0
  500.0
  600.0
  700.0
  800.0
  900.0
 1000.0
 1100.0
 1200.0
!

25 Default	0
12
!
  100.0
  200.0
  300.0
  400.0
  500.0
  600.0
  700.0
  800.0
  900.0
 1000.0
 1100.0
 1200.0
!

26 Default	0
12
!
  100.0
  200.0
  300.0
  400.0
  500.0
  600.0
  700.0
  800.0
  900.0
 1000.0
 1100.0
 1200.0
!

27 Default	0
12
!
  100.0
  200.0
  300.0
  400.0
  500.0
  600.0
  700.0
  800.0
  900.0
 1000.0
 1100.0
 1200.0
!

28 Default	0
12
!
  100.0
  200.0
  300.0
  400.0
  500.0
  600.0
  700.0
  800.0
  900.0
 1000.0
 1100.0
 1200.0
!

29 Default	0
12
!
  100.0
  200.0
  300.0
  400.0
  500.0
  600.0
  700.0
  800.0
  900.0
 1000.0
 1100.0
 1200.0
!

30 Default	0
12
!
  100.0
  200.0
  300.0
  400.0
  500.0
  600.0
  700.0
  800.0
  900.0
 1000.0
 1100.0
 1200.0
!

31 	0
12
!
   99.805
  199.805
  299.805
  399.805
  499.805
  599.805
  699.805
  799.805
  899.805
  999.805
 1099.805
 1200.000
!

